697,3
697,2
697,1
697,0
695,9
695,8
695,7
695,6
695,5
695,4
695,3
695,2
695,1
695,0
690,3
690,2
690,1
690,0
689,3
689,2
689,1
689,0
688,5
688,4
688,3
688,2
688,1
688,0
685,6
685,5
685,4
685,3
685,2
685,1
685,0
681,3
681,2
681,1
681,0
680,5
680,4
680,3
680,2
680,1
680,0
677,3
677,2
677,1
677,0
676,5
676,4
676,3
676,2
676,1
676,0
675,4
675,3
675,2
675,1
675,0
674,6
674,5
674,4
674,3
674,2
674,1
674,0
30,3
30,2
30,1
30,0
4,3
2,3
2,2
2,1
2,0
1,3
0,410
0,324
0,243
0,9
0,0
0,1
0,403
0,300
0,401
0,299
0,310
0,298
0,345
0,297
0,296
0,414
0,295
0,466
0,294
0,394
0,293
0,373
0,292
0,495
0,291
0,290
0,444
0,289
0,416
0,288
0,404
0,287
0,350
0,286
0,458
0,285
0,389
0,284
0,457
0,283
0,494
0,282
0,390
0,281
0,447
0,280
0,456
0,279
0,426
0,278
0,309
0,277
0,415
0,276
0,508
0,275
0,420
0,274
0,273
0,396
0,272
0,412
0,271
0,487
0,270
0,486
0,269
0,485
0,268
0,507
0,267
0,307
0,266
0,317
0,265
0,506
0,264
0,386
0,263
0,391
0,262
0,424
0,261
0,474
0,260
0,484
0,259
0,388
0,258
0,511
0,257
0,505
0,256
0,411
0,255
0,504
0,254
0,510
0,253
0,462
0,252
0,461
0,251
0,399
0,250
0,398
0,249
0,492
0,248
0,473
0,247
0,423
0,246
0,413
0,245
0,408
0,244
0,460
0,242
0,397
0,241
0,509
0,240
0,425
0,239
0,472
0,238
0,432
0,237
0,405
0,236
0,431
0,235
0,393
0,234
0,409
0,233
0,476
0,232
0,335
0,231
0,502
0,230
0,419
0,229
0,491
0,228
0,395
0,227
0,490
0,226
0,464
0,225
0,407
0,224
0,448
0,223
0,501
0,222
0,221
0,430
0,220
0,500
0,219
0,387
0,218
0,459
0,217
0,418
0,216
0,385
0,215
0,499
0,214
0,378
0,213
0,483
0,212
0,498
0,211
0,384
0,210
0,482
0,209
0,497
0,208
0,316
0,207
0,422
0,206
0,312
0,205
0,340
0,204
0,435
0,203
0,421
0,202
0,470
0,201
0,392
0,200
0,199
0,402
0,198
0,481
0,197
0,489
0,196
0,319
0,195
0,434
0,194
0,467
0,193
0,356
0,192
0,488
0,63
0,400
0,62
0,452
0,61
0,480
0,60
0,429
0,59
0,451
0,58
0,428
0,57
0,320
0,56
0,427
0,55
0,450
0,54
0,311
0,53
0,463
0,52
0,406
0,51
0,496
0,50
0,449
0,49
0,361
0,48
0,314
0,47
0,479
0,46
0,478
0,45
0,417
0,6
0,5
0,304
0,303
0,306
0,305
0,302
0,12
0,10
0,8
0,11
0,4
0,2
0,3
0,7
